0 1
0 2
0 4
0 5
0 6
0 11
0 12
0 13
0 16
0 17
0 18
0 19
0 20
0 21
0 22
0 23
0 24
0 25
0 26
0 27
0 28
0 29
0 30
0 31
0 32
0 33
0 34
1 2
1 5
1 12
1 14
1 20
1 27
1 34
1 35
1 36
1 37
1 38
1 39
1 40
2 4
2 5
2 6
2 11
2 12
2 13
2 14
2 19
2 20
2 21
2 26
2 27
2 28
2 32
2 34
2 36
2 37
2 39
2 41
2 42
2 43
2 44
2 45
2 46
2 47
2 48
2 49
2 50
2 51
2 52
3 6
3 10
3 26
3 27
3 51
4 5
4 6
4 7
4 11
4 12
4 13
4 14
4 15
4 19
4 20
4 26
4 27
4 28
4 37
4 39
4 42
4 45
4 50
4 53
4 54
4 55
4 56
4 57
4 58
4 59
4 60
4 61
4 62
4 63
4 64
4 65
4 66
4 67
4 68
4 69
4 70
4 71
4 72
4 73
5 6
5 7
5 13
5 14
5 15
5 17
5 19
5 20
5 21
5 22
5 23
5 25
5 26
5 27
5 29
5 32
5 33
5 45
5 49
5 70
5 74
5 75
5 76
6 7
6 10
6 11
6 12
6 13
6 14
6 15
6 17
6 19
6 20
6 21
6 23
6 24
6 26
6 27
6 28
6 29
6 30
6 31
6 33
6 37
6 39
6 45
6 49
6 50
6 55
6 59
6 70
6 74
6 75
6 76
6 77
6 78
6 79
6 80
6 81
6 82
6 83
6 84
6 85
6 86
6 87
6 88
6 89
6 90
6 91
6 92
6 93
6 94
6 95
6 96
7 8
7 12
7 13
7 14
7 15
7 19
7 21
7 26
7 27
7 28
7 29
7 45
7 49
7 50
7 59
7 70
7 86
7 95
8 14
8 15
9 27
10 13
10 27
11 12
11 13
11 14
12 13
12 14
12 15
12 27
12 28
12 34
12 39
12 52
12 71
12 72
12 92
12 97
12 98
13 14
13 31
13 70
13 76
14 15
14 34
14 69
14 70
14 73
15 70
15 71
