*Vertices 99
*Edges
1 2 3
1 3 14
1 5 5
1 6 12
1 17 3
1 7 30
1 18 5
1 19 10
1 20 39
1 21 37
1 22 12
1 23 4
1 24 39
1 25 18
1 26 13
1 27 3
1 12 7
1 13 15
1 28 8
1 29 3
1 30 7
1 14 104
1 31 20
1 32 6
1 33 5
1 34 4
1 35 4
2 3 6
2 6 3
2 36 3
2 37 9
2 21 41
2 38 7
2 39 3
2 13 7
2 28 3
2 40 4
2 15 8
2 41 3
2 35 4
3 5 18
3 6 6
3 7 19
3 42 3
3 43 3
3 44 29
3 45 3
3 37 4
3 20 3
3 46 7
3 21 56
3 22 11
3 47 4
3 38 65
3 48 17
3 49 12
3 27 3
3 50 3
3 51 4
3 52 4
3 12 32
3 13 112
3 28 11
3 29 6
3 14 10
3 53 4
3 40 23
3 33 5
3 15 31
3 35 3
4 7 11
4 11 4
4 27 14
4 52 3
4 28 5
5 6 12
5 54 3
5 55 3
5 7 64
5 56 7
5 57 3
5 43 10
5 58 6
5 8 9
5 20 4
5 46 11
5 21 14
5 59 4
5 38 14
5 60 33
5 61 6
5 62 5
5 63 3
5 64 9
5 65 3
5 66 3
5 27 22
5 51 6
5 12 3
5 13 49
5 67 3
5 28 22
5 29 25
5 14 9
5 68 5
5 40 9
5 15 49
5 69 4
5 16 7
5 70 5
5 71 10
5 72 13
5 73 3
5 74 5
6 7 69
6 18 4
6 8 16
6 75 4
6 20 42
6 46 7
6 21 4
6 22 5
6 23 4
6 24 3
6 26 7
6 27 13
6 76 9
6 50 5
6 28 72
6 30 5
6 14 29
6 77 5
6 33 4
6 15 27
6 16 10
6 71 19
6 34 4
7 56 3
7 78 4
7 79 3
7 80 3
7 81 10
7 82 5
7 83 4
7 84 3
7 18 6
7 85 4
7 8 27
7 75 4
7 20 26
7 46 47
7 21 38
7 22 32
7 86 5
7 87 12
7 38 16
7 11 19
7 60 12
7 88 3
7 24 11
7 25 3
7 27 81
7 89 4
7 76 33
7 90 4
7 50 33
7 91 10
7 51 4
7 12 4
7 13 16
7 28 291
7 29 7
7 30 10
7 14 34
7 77 18
7 31 6
7 40 5
7 92 7
7 32 15
7 93 5
7 94 4
7 15 21
7 16 18
7 95 4
7 71 61
7 34 12
7 96 3
7 97 3
8 20 12
8 46 5
8 22 4
8 9 4
8 87 3
8 60 6
8 27 7
8 50 4
8 51 3
8 13 9
8 28 24
8 29 3
8 30 12
8 14 3
8 15 36
8 16 16
8 71 3
8 96 3
9 15 15
9 16 9
10 28 3
11 28 9
11 14 4
12 13 20
12 14 8
12 15 4
13 28 6
13 29 15
13 98 6
13 99 4
13 14 13
13 53 3
13 40 37
13 93 3
13 15 11
13 16 9
13 72 7
13 73 3
13 35 3
14 77 3
14 32 3
14 15 3
14 71 4
15 16 40
15 70 9
15 71 3
15 74 4
15 35 10
16 71 4
16 72 8
